1,1,1,1,1,1,1,1,1,1,1,1,1,1,1,1
1,0,0,1,0,0,0,0,0,0,0,0,0,5,0,1
1,0,41,0,0,0,0,0,0,87,90,0,1,5,0,1
1,1,1,1,1,1,1,1,1,1,1,1,1,1,1,1
1,1,1,1,1,1,1,1,1,1,1,1,1,0,42,1
1,1,1,1,1,1,1,1,1,1,1,1,1,0,0,1
1,95,91,0,87,1,1,98,87,0,0,1,1,1,0,1
1,0,0,0,92,1,1,94,85,0,97,1,1,0,0,1
1,1,1,1,1,1,1,1,1,1,1,1,1,0,0,1
1,1,1,1,1,1,1,1,1,1,1,1,1,0,0,1
1,1,1,1,1,1,1,1,1,1,1,1,1,0,0,1
1,96,87,0,0,1,1,100,87,0,0,1,1,81,0,1
1,94,85,0,93,1,1,0,85,0,99,1,1,101,0,1
1,1,1,1,1,1,1,1,1,1,1,1,1,0,0,1
1,1,1,1,1,1,1,1,1,1,1,1,1,1,1,1