1,1,1,1,1,1,1,1,1,1,1,1,1,1,1,1
1,0,87,0,0,0,0,0,0,0,0,1,87,0,2,1
1,0,91,0,0,0,0,0,0,92,0,1,90,0,0,1
1,1,1,1,1,1,1,1,1,1,1,1,0,0,0,1
1,0,0,0,1,0,0,0,0,0,0,1,1,1,1,1
1,0,94,88,1,0,105,0,0,104,0,1,1,1,1,1
1,0,0,0,1,85,1,0,0,1,85,1,1,40,1,1
1,0,93,0,1,0,0,0,0,1,87,1,0,0,0,1
1,0,0,0,1,0,99,0,0,100,0,1,86,0,102,1
1,0,96,87,1,0,0,0,0,0,0,1,101,0,0,1
1,1,1,1,1,1,1,1,1,1,1,1,1,1,1,1
1,95,86,92,1,0,0,87,0,0,0,0,0,0,0,1
1,0,0,1,1,97,0,0,0,0,0,0,0,98,0,1
1,103,0,0,1,0,0,0,0,0,0,0,0,0,0,1
1,1,1,1,1,1,1,1,1,1,1,1,1,1,1,1